# This historical data file was created by Atomic Trader
# Each line represents a 1-second snapshot of the market and contains 5 columns:
# 1. date in the MMddyy format
# 2. time in the HHmmss format
# 3. book balance
# 4. price
# 5. volume

timeZone=America/New_York

042913,175036,-6.1,69.73,0
042913,175037,-10.7,69.73,0
042913,175038,-19.5,69.73,0
042913,175039,-6.86,69.73,0
042913,175040,-16.0,69.73,0
042913,175041,-11.41,69.73,0
042913,175042,-10.66,69.73,0
042913,175043,-17.56,69.73,0
042913,175044,-10.45,69.73,0
042913,175045,-2.85,69.73,0
042913,175046,-19.4,69.73,0
042913,175047,-13.72,69.73,0
042913,175048,-8.37,69.73,0
042913,175049,-13.73,69.735,0
042913,175050,-15.41,69.73,0
042913,175051,-17.67,69.73,0
042913,175052,-15.17,69.73,0
042913,175053,-21.54,69.73,0
042913,175054,-20.23,69.73,0
042913,175055,-19.66,69.73,0
042913,175056,-16.01,69.73,0
042913,175057,-13.51,69.73,0
042913,175058,-15.29,69.73,0
042913,175059,-7.96,69.73,0
042913,175100,-5.59,69.73,0
042913,175101,-8.95,69.73,0
042913,175102,-10.36,69.73,0
042913,175103,-19.61,69.73,0
042913,175104,-19.71,69.73,0
042913,175105,-17.06,69.73,0
042913,175106,-14.06,69.73,0
042913,175107,-17.99,69.73,0
042913,175108,-17.5,69.73,0
042913,175109,-21.74,69.73,0
042913,175110,-16.94,69.73,0
042913,175111,-16.36,69.73,0
042913,175112,-16.67,69.73,0
042913,175113,-12.75,69.73,0
042913,175114,-11.61,69.73,0
042913,175115,-18.46,69.73,0
042913,175116,-18.2,69.73,0
042913,175117,-14.06,69.73,0
042913,175118,-16.21,69.73,0
042913,175119,-16.3,69.73,0
042913,175120,-14.65,69.73,0
042913,175121,-12.87,69.735,0
042913,175122,-8.21,69.735,0
042913,175123,-11.81,69.735,0
042913,175124,-12.79,69.735,0
042913,175125,-15.84,69.735,0
042913,175126,-18.57,69.735,0
042913,175127,-14.23,69.735,0
042913,175128,-19.17,69.735,0
042913,175129,-19.53,69.745,0
042913,175130,-15.58,69.745,0
042913,175131,-19.08,69.745,0
042913,175132,-20.5,69.76,0
042913,175133,-12.24,69.76,0
042913,175134,-17.7,69.76,0
042913,175135,-12.52,69.76,0
042913,175136,-17.57,69.76,0
042913,175137,-15.28,69.76,0
042913,175138,-19.75,69.745,0
042913,175139,3.17,69.745,0
042913,175140,-5.82,69.735,0
042913,175141,-15.19,69.745,0
042913,175142,-13.23,69.76,0
042913,175143,-16.64,69.76,0
042913,175144,-13.79,69.76,0
042913,175145,-17.15,69.76,0
042913,175146,-15.24,69.76,0
042913,175147,-17.36,69.76,0
042913,175148,-13.99,69.76,0
042913,175149,-16.81,69.76,0
042913,175150,-12.77,69.76,0
042913,175151,-8.23,69.76,0
042913,175152,-9.51,69.76,0
042913,175153,-13.52,69.76,0
042913,175154,-9.47,69.745,0
042913,175155,-5.79,69.76,0
042913,175156,-10.87,69.76,0
042913,175157,-21.06,69.76,0
042913,175158,-16.92,69.76,0
042913,175159,-11.03,69.76,0
042913,175200,-11.78,69.76,0
042913,175201,-18.4,69.76,0
042913,175202,-14.55,69.76,0
042913,175203,-19.33,69.745,0
042913,175204,-11.83,69.745,0
042913,175205,-8.72,69.745,0
042913,175206,-16.48,69.745,0
042913,175207,-12.63,69.745,0
042913,175208,-14.96,69.745,0
042913,175209,-10.41,69.745,0
042913,175210,-6.72,69.745,0
042913,175211,-9.28,69.745,0
042913,175212,-17.67,69.745,0
042913,175213,-17.95,69.745,0
042913,175214,-16.34,69.745,0
042913,175215,-7.06,69.745,0
042913,175216,-12.15,69.745,0
042913,175217,-15.33,69.745,0
042913,175218,-23.85,69.745,0
042913,175219,-19.16,69.745,0
042913,175220,-15.5,69.745,0
042913,175221,-9.66,69.745,0
042913,175222,-5.4,69.735,0
042913,175223,-16.54,69.735,0
042913,175224,-20.43,69.73,0
042913,175225,-18.31,69.73,0
042913,175226,-11.75,69.73,0
042913,175227,-10.97,69.73,0
042913,175228,-6.02,69.735,0
042913,175229,-6.95,69.735,0
042913,175230,-7.47,69.735,0
042913,175231,-13.63,69.735,0
042913,175232,-12.61,69.73,0
042913,175233,-16.21,69.73,0
042913,175234,-17.35,69.73,0
042913,175235,-16.67,69.73,0
042913,175236,-16.69,69.73,0
042913,175237,-14.91,69.73,0
042913,175238,-6.67,69.73,0
042913,175239,-9.22,69.73,0
042913,175240,-9.05,69.73,0
042913,175241,-13.14,69.73,0
042913,175242,-14.07,69.73,0
042913,175243,-6.71,69.73,0
042913,175244,-10.52,69.73,0
042913,175245,-3.87,69.73,0
042913,175246,-11.98,69.73,0
042913,175247,-14.03,69.73,0
042913,175248,-16.64,69.73,0
042913,175249,-6.97,69.73,0
042913,175250,-12.91,69.73,0
042913,175251,-10.26,69.73,0
042913,175252,-14.83,69.73,0
042913,175253,-14.39,69.73,0
042913,175254,-14.95,69.73,0
042913,175255,-8.51,69.73,0
042913,175256,-13.14,69.73,0
042913,175257,-12.13,69.73,0
042913,175258,-10.27,69.73,0
042913,175259,-11.07,69.73,0
042913,175300,-16.39,69.73,0
042913,175301,-16.25,69.73,0
042913,175302,-15.82,69.73,0
042913,175303,-12.97,69.73,0
042913,175304,-12.93,69.73,0
042913,175305,-20.1,69.73,0
042913,175306,-9.84,69.73,0
042913,175307,-13.59,69.73,0
042913,175308,-17.08,69.73,0
042913,175309,-11.26,69.73,0
042913,175310,-17.76,69.73,0
042913,175311,-23.0,69.73,0
042913,175312,-9.63,69.73,0
042913,175313,-12.78,69.73,0
042913,175314,-17.43,69.73,0
042913,175315,-11.58,69.73,0
042913,175316,-11.38,69.73,0
042913,175317,-10.03,69.73,0
042913,175318,-15.39,69.73,0
042913,175319,-10.03,69.73,0
042913,175320,-14.45,69.73,0
042913,175321,-14.99,69.73,0
042913,175322,-13.68,69.73,0
042913,175323,-12.38,69.73,0
042913,175324,-16.5,69.73,0
042913,175325,-15.09,69.73,0
042913,175326,-7.81,69.73,0
042913,175327,-3.29,69.73,0
042913,175328,-6.0,69.73,0
042913,175329,-21.43,69.73,0
042913,175330,-13.64,69.73,0
042913,175331,-16.37,69.73,0
042913,175332,-15.38,69.73,0
042913,175333,-14.56,69.73,0
042913,175334,-10.59,69.73,0
042913,175335,-10.81,69.73,0
042913,175336,-14.49,69.73,0
042913,175337,-17.68,69.73,0
042913,175338,-11.2,69.73,0
042913,175339,-14.41,69.73,0
042913,175340,-20.58,69.73,0
042913,175341,-12.09,69.73,0
042913,175342,-10.44,69.73,0
042913,175343,-16.35,69.73,0
042913,175344,-16.26,69.73,0
042913,175345,-16.63,69.73,0
042913,175346,-26.59,69.73,0
042913,175347,-17.74,69.73,0
042913,175348,-15.88,69.73,0
042913,175349,-13.07,69.73,0
042913,175350,-12.19,69.73,0
042913,175351,-18.64,69.73,0
042913,175352,-17.68,69.73,0
042913,175353,-14.73,69.73,0
042913,175354,-11.1,69.73,0
042913,175355,-15.29,69.73,0
042913,175356,-13.66,69.73,0
042913,175357,-8.67,69.735,0
042913,175358,-17.87,69.745,0
042913,175359,-6.49,69.735,0
042913,175400,-6.14,69.735,0
042913,175401,-11.96,69.735,0
042913,175402,-15.34,69.735,0
042913,175403,-4.69,69.735,0
042913,175404,-10.25,69.735,0
042913,175405,-13.26,69.735,0
042913,175406,-11.61,69.735,0
042913,175407,-11.63,69.735,0
042913,175408,-7.93,69.735,0
042913,175409,-12.13,69.735,0
042913,175410,-10.16,69.735,0
042913,175411,-12.67,69.735,0
042913,175412,-19.15,69.735,0
042913,175413,-14.92,69.735,0
042913,175414,-16.41,69.735,0
042913,175415,-9.67,69.735,0
042913,175416,-22.2,69.735,0
042913,175417,-16.75,69.73,0
042913,175418,-13.19,69.73,0
042913,175419,-16.71,69.73,0
042913,175420,-9.2,69.73,0
042913,175421,-15.2,69.73,0
042913,175422,-14.67,69.735,0
042913,175423,-18.38,69.735,0
042913,175424,-14.77,69.735,0
042913,175425,-17.7,69.735,0
042913,175426,-5.51,69.735,0
042913,175427,-10.26,69.735,0
042913,175428,-3.94,69.735,0
042913,175429,-11.63,69.735,0
042913,175430,-14.97,69.735,0
042913,175431,-18.27,69.735,0
042913,175432,-11.08,69.735,0
042913,175433,-9.68,69.735,0
042913,175434,-15.77,69.735,0
042913,175435,-11.96,69.735,0
042913,175436,-11.45,69.735,0
042913,175437,-9.37,69.735,0
042913,175438,-0.37,69.735,0
042913,175439,-3.76,69.735,0
042913,175440,-15.83,69.735,0
042913,175441,-14.97,69.735,0
042913,175442,-10.94,69.735,0
042913,175443,-13.0,69.735,0
042913,175444,-15.97,69.735,0
042913,175445,-20.17,69.735,0
042913,175446,-17.78,69.745,0
042913,175447,-14.9,69.745,0
042913,175448,-12.42,69.745,0
042913,175449,-9.68,69.745,0
042913,175450,-5.84,69.735,0
042913,175451,-4.52,69.735,0
042913,175452,-6.19,69.73,0
042913,175453,-13.43,69.73,0
042913,175454,-9.48,69.73,0
042913,175455,-9.07,69.73,0
042913,175456,-9.25,69.73,0
042913,175457,-9.77,69.73,0
042913,175458,-9.84,69.73,0
042913,175459,-12.31,69.73,0
042913,175500,-11.31,69.73,0
042913,175501,-21.84,69.73,0
042913,175502,-19.03,69.73,0
042913,175503,-19.03,69.735,0
042913,175504,-14.6,69.735,0
042913,175505,-14.83,69.735,0
042913,175506,-16.99,69.735,0
042913,175507,-14.65,69.735,0
042913,175508,-6.64,69.735,0
042913,175509,-14.15,69.735,0
042913,175510,-11.68,69.735,0
042913,175511,-6.94,69.735,0
042913,175512,-2.33,69.735,0
042913,175513,-5.37,69.735,0
042913,175514,-11.39,69.735,0
042913,175515,-20.42,69.735,0
042913,175516,-12.37,69.735,0
042913,175517,-17.06,69.735,0
042913,175518,-14.82,69.735,0
042913,175519,-19.29,69.735,0
042913,175520,-19.81,69.735,0
042913,175521,-20.55,69.735,0
042913,175522,-24.24,69.735,0
042913,175523,-15.18,69.735,0
042913,175524,-12.19,69.735,0
042913,175525,-16.6,69.735,0
042913,175526,-15.34,69.735,0
042913,175527,-11.33,69.735,0
042913,175528,-10.32,69.735,0
042913,175529,-11.92,69.735,0
042913,175530,1.72,69.735,0
042913,175531,3.92,69.735,0
042913,175532,-11.21,69.735,0
042913,175533,-15.41,69.735,0
042913,175534,-16.71,69.735,0
042913,175535,-17.46,69.735,0
042913,175536,-11.29,69.735,0
042913,175537,-0.92,69.735,0
042913,175538,-13.17,69.735,0
042913,175539,-10.32,69.735,0
042913,175540,-15.09,69.735,0
042913,175541,-6.13,69.735,0
042913,175542,-7.85,69.735,0
042913,175543,-12.08,69.735,0
042913,175544,-12.6,69.735,0
042913,175545,-15.02,69.735,0
042913,175546,-12.13,69.735,0
042913,175547,-10.2,69.735,0
042913,175548,-14.82,69.735,0
042913,175549,-10.91,69.735,0
042913,175550,-3.73,69.735,0
042913,175551,-10.55,69.735,0
042913,175552,-12.32,69.73,0
042913,175553,-9.14,69.73,0
042913,175554,-9.91,69.73,0
042913,175555,-19.32,69.73,0
042913,175556,-8.74,69.73,0
042913,175557,-8.59,69.73,0
042913,175558,-16.5,69.73,0
042913,175559,-14.36,69.73,0
042913,175600,-9.71,69.73,0
042913,175601,-6.57,69.73,0
042913,175602,-11.82,69.73,0
042913,175603,-20.43,69.73,0
042913,175604,-14.68,69.73,0
042913,175605,-17.5,69.73,0
042913,175606,-29.07,69.73,0
042913,175607,-20.89,69.73,0
042913,175608,-16.23,69.73,0
042913,175609,-26.57,69.73,0
042913,175610,-13.28,69.735,0
042913,175611,-9.96,69.735,0
042913,175612,-16.05,69.735,0
042913,175613,-12.38,69.735,0
042913,175614,-5.59,69.73,0
042913,175615,-9.07,69.73,0
042913,175616,-0.99,69.73,0
042913,175617,-0.27,69.73,0
042913,175618,-8.68,69.73,0
042913,175619,-9.1,69.73,0
042913,175620,-5.12,69.73,0
042913,175621,-9.92,69.73,0
042913,175622,-17.81,69.73,0
042913,175623,-21.71,69.73,0
042913,175624,-17.42,69.73,0
042913,175625,-16.38,69.73,0
042913,175626,-12.61,69.73,0
042913,175627,-5.89,69.73,0
042913,175628,-13.89,69.73,0
042913,175629,-19.91,69.73,0
042913,175630,-19.08,69.73,0
042913,175631,-18.17,69.715,0
042913,175632,-19.51,69.715,0
042913,175633,-17.35,69.715,0
042913,175634,-13.83,69.715,0
042913,175635,-8.98,69.715,0
042913,175636,-8.52,69.715,0
042913,175637,-8.86,69.715,0
042913,175638,-13.18,69.715,0
042913,175639,-16.0,69.715,0
042913,175640,-19.05,69.715,0
042913,175641,-9.36,69.715,0
042913,175642,-11.03,69.715,0
042913,175643,-12.92,69.73,0
042913,175644,-9.31,69.73,0
042913,175645,-12.97,69.73,0
042913,175646,-11.25,69.73,0
042913,175647,-6.79,69.73,0
042913,175648,-7.58,69.73,0
042913,175649,-14.91,69.73,0
042913,175650,-20.33,69.73,0
042913,175651,-16.32,69.73,0
042913,175652,-16.95,69.73,0
042913,175653,-19.46,69.73,0
042913,175654,-13.03,69.73,0
042913,175655,-11.72,69.735,0
042913,175656,-16.46,69.735,0
042913,175657,-10.95,69.735,0
042913,175658,-10.28,69.735,0
042913,175659,-11.73,69.73,0
042913,175700,-11.29,69.73,0
042913,175701,-6.69,69.73,0
042913,175702,-7.49,69.73,0
042913,175703,-0.3,69.735,0
042913,175704,-8.07,69.735,0
042913,175705,-13.88,69.735,0
042913,175706,-9.13,69.735,0
042913,175707,-15.22,69.735,0
042913,175708,-6.93,69.735,0
042913,175709,-4.56,69.735,0
042913,175710,-13.07,69.735,0
042913,175711,-22.12,69.735,0
042913,175712,-12.91,69.735,0
042913,175713,-17.02,69.735,0
042913,175714,-2.9,69.735,0
042913,175715,-3.22,69.735,0
042913,175716,-10.33,69.745,0
042913,175717,-10.01,69.745,0
042913,175718,-18.1,69.745,0
042913,175719,-15.66,69.745,0
042913,175720,-20.54,69.745,0
042913,175721,-22.78,69.745,0
042913,175722,-16.38,69.745,0
042913,175723,-13.31,69.745,0
042913,175724,-7.72,69.745,0
042913,175725,-4.71,69.745,0
042913,175726,-7.9,69.745,0
042913,175727,-16.1,69.745,0
042913,175728,-8.21,69.745,0
042913,175729,-13.56,69.745,0
042913,175730,-12.36,69.745,0
042913,175731,-17.3,69.745,0
042913,175732,-17.36,69.745,0
042913,175733,-24.03,69.745,0
042913,175734,-14.59,69.745,0
042913,175735,-13.29,69.76,0
042913,175736,-12.9,69.76,0
042913,175737,-13.05,69.76,0
042913,175738,-12.22,69.76,0
042913,175739,-18.59,69.76,0
042913,175740,-8.31,69.76,0
042913,175741,-13.04,69.76,0
042913,175742,-16.06,69.76,0
042913,175743,-6.72,69.76,0
042913,175744,-10.98,69.76,0
042913,175745,-14.6,69.76,0
042913,175746,-8.13,69.76,0
042913,175747,-5.05,69.76,0
042913,175748,-9.94,69.76,0
042913,175749,-13.55,69.76,0
042913,175750,-17.74,69.76,0
042913,175751,-12.97,69.76,0
042913,175752,-10.57,69.76,0
042913,175753,-21.65,69.76,0
042913,175754,-18.75,69.76,0
042913,175755,-18.25,69.76,0
042913,175756,-8.76,69.76,0
042913,175757,-7.65,69.76,0
042913,175758,-12.89,69.76,0
042913,175759,-11.07,69.76,0
042913,175800,-15.24,69.76,0
042913,175801,-14.21,69.76,0
042913,175802,-20.77,69.745,0
042913,175803,-17.58,69.76,0
042913,175804,-20.26,69.76,0
042913,175805,-19.11,69.76,0
042913,175806,-15.89,69.76,0
042913,175807,-10.74,69.76,0
042913,175808,-13.19,69.76,0
042913,175809,-10.26,69.76,0
042913,175810,-10.43,69.76,0
042913,175811,-9.1,69.76,0
042913,175812,-9.18,69.76,0
042913,175813,-13.34,69.76,0
042913,175814,-17.62,69.76,0
042913,175815,-20.51,69.76,0
042913,175816,-12.89,69.76,0
042913,175817,-10.74,69.76,0
042913,175818,-15.49,69.76,0
042913,175819,-19.15,69.76,0
042913,175820,-18.88,69.76,0
042913,175821,-10.55,69.76,0
042913,175822,-11.2,69.77,0
042913,175823,-8.93,69.77,0
042913,175824,-9.85,69.77,0
042913,175825,-12.26,69.77,0
042913,175826,-11.56,69.77,0
042913,175827,-8.99,69.77,0
042913,175828,-14.88,69.77,0
042913,175829,-13.61,69.77,0
042913,175830,-8.97,69.77,0
042913,175831,-13.81,69.77,0
042913,175832,-13.73,69.77,0
042913,175833,-19.75,69.77,0
042913,175834,-18.7,69.76,0
042913,175835,-16.47,69.76,0
042913,175836,-12.32,69.76,0
042913,175837,-15.59,69.76,0
042913,175838,-10.07,69.76,0
042913,175839,-17.36,69.76,0
042913,175840,-14.66,69.76,0
042913,175841,-5.99,69.76,0
042913,175842,-8.31,69.76,0
042913,175843,-7.86,69.76,0
042913,175844,-7.77,69.76,0
042913,175845,-11.34,69.76,0
042913,175846,-21.43,69.76,0
042913,175847,-12.59,69.76,0
042913,175848,-13.6,69.76,0
042913,175849,-14.48,69.76,0
042913,175850,-14.52,69.76,0
042913,175851,-17.96,69.76,0
042913,175852,-12.7,69.76,0
042913,175853,-12.6,69.76,0
042913,175854,-6.86,69.76,0
042913,175855,-14.64,69.76,0
042913,175856,-17.54,69.76,0
042913,175857,-10.53,69.76,0
042913,175858,0.03,69.76,0
042913,175859,-7.99,69.76,0
042913,175900,-13.26,69.77,0
042913,175901,-9.02,69.77,0
042913,175902,-16.16,69.77,0
042913,175903,-14.38,69.77,0
042913,175904,-16.2,69.77,0
042913,175905,-17.55,69.77,0
042913,175906,-11.93,69.77,0
042913,175907,-16.49,69.77,0
042913,175908,-15.38,69.77,0
042913,175909,-8.92,69.77,0
042913,175910,-13.2,69.77,0
042913,175911,-13.06,69.77,0
042913,175912,-16.87,69.77,0
042913,175913,-15.71,69.77,0
042913,175914,-15.97,69.77,0
042913,175915,-2.21,69.77,0
042913,175916,-6.31,69.77,0
042913,175917,-13.21,69.77,0
042913,175918,-12.46,69.77,0
042913,175919,-8.04,69.77,0
042913,175920,-17.66,69.77,0
042913,175921,-12.67,69.77,0
042913,175922,-9.48,69.77,0
042913,175923,-6.61,69.77,0
042913,175924,-6.68,69.77,0
042913,175925,-4.09,69.77,0
042913,175926,-12.2,69.77,0
042913,175927,-20.8,69.77,0
042913,175928,-16.32,69.77,0
042913,175929,-20.45,69.77,0
042913,175930,-14.33,69.77,0
042913,175931,-10.79,69.775,0
042913,175932,-15.31,69.775,0
042913,175933,-12.8,69.775,0
042913,175934,-10.26,69.775,0
042913,175935,-11.83,69.775,0
042913,175936,-12.0,69.775,0
042913,175937,-13.9,69.775,0
042913,175938,-15.32,69.775,0
042913,175939,-19.28,69.775,0
042913,175940,-10.85,69.775,0
042913,175941,-3.75,69.775,0
042913,175942,-13.58,69.775,0
042913,175943,-9.0,69.775,0
042913,175944,-16.02,69.775,0
042913,175945,-3.77,69.775,0
042913,175946,-3.0,69.775,0
042913,175947,-15.83,69.775,0
042913,175948,-11.06,69.775,0
042913,175949,-12.83,69.775,0
042913,175950,-19.7,69.775,0
042913,175951,-6.04,69.775,0
042913,180024,-13.08,69.775,0
042913,180025,-2.76,69.775,0
042913,180026,-2.53,69.775,0
042913,180027,-9.2,69.775,0
042913,180028,-15.2,69.785,0
042913,180029,-9.43,69.785,0
042913,180030,-5.61,69.785,0
042913,180031,-6.17,69.785,0
042913,180032,-5.88,69.785,0
042913,180033,-12.71,69.785,0
042913,180034,-14.42,69.785,0
042913,180035,-12.94,69.785,0
042913,180036,-17.5,69.785,0
042913,180037,-17.04,69.785,0
042913,180038,-9.69,69.785,0
042913,180039,-12.15,69.785,0
042913,180040,-8.43,69.785,0
042913,180041,-17.09,69.785,0
042913,180042,-13.85,69.785,0
042913,180043,-6.58,69.785,0
042913,180044,-9.61,69.775,0
042913,180045,-10.51,69.775,0
042913,180046,-13.27,69.775,0
042913,180047,-14.94,69.785,0
042913,180048,-12.38,69.785,0
042913,180049,-11.56,69.785,0
042913,180050,-9.68,69.785,0
042913,180051,-16.3,69.785,0
042913,180052,-15.29,69.785,0
042913,180053,-14.16,69.785,0
042913,180054,-12.92,69.785,0
042913,180055,-14.84,69.8,0
042913,180056,-12.85,69.8,0
042913,180057,-13.99,69.8,0
042913,180058,-15.43,69.785,0
042913,180059,-20.13,69.785,0
042913,180100,-11.22,69.785,0
042913,180101,-17.41,69.785,0
042913,180102,-18.69,69.785,0
042913,180103,-2.95,69.8,0
042913,180104,-8.7,69.8,0
042913,180105,-14.59,69.8,0
042913,180106,-14.49,69.8,0
042913,180107,-10.39,69.8,0
042913,180108,-17.57,69.8,0
042913,180109,-18.05,69.8,0
042913,180110,-15.76,69.8,0
042913,180111,-19.18,69.8,0
042913,180112,-14.0,69.8,0
042913,180113,-6.93,69.8,0
042913,180114,-13.11,69.8,0
042913,180115,-6.01,69.8,0
042913,180116,-10.02,69.8,0
042913,180117,-14.32,69.8,0
042913,180118,-9.39,69.8,0
042913,180119,-9.41,69.8,0
042913,180120,-8.34,69.8,0
042913,180121,-6.5,69.8,0
042913,180122,-13.23,69.805,0
042913,180123,-13.0,69.805,0
042913,180124,-12.85,69.805,0
042913,180125,-11.71,69.805,0
042913,180126,-2.19,69.805,0
042913,180127,-10.04,69.805,0
042913,180128,-10.74,69.805,0
042913,180129,-4.48,69.805,0
042913,180130,-10.12,69.805,0
042913,180131,-17.97,69.805,0
042913,180132,-17.39,69.805,0
042913,180133,-10.18,69.805,0
042913,180134,-0.94,69.805,0
042913,180135,-4.98,69.805,0
042913,180136,-6.4,69.805,0
042913,180137,-7.88,69.805,0
042913,180138,-13.85,69.805,0
042913,180139,-10.74,69.805,0
042913,180140,-12.68,69.805,0
042913,180141,-12.64,69.805,0
042913,180142,-13.79,69.805,0
042913,180143,-17.38,69.805,0
042913,180144,-14.09,69.805,0
042913,180145,-12.65,69.805,0
042913,180146,-15.06,69.805,0
042913,180147,-10.64,69.805,0
042913,180148,-7.88,69.805,0
042913,180149,-9.16,69.805,0
042913,180150,-16.11,69.805,0
042913,180151,-10.21,69.805,0
042913,180152,-4.89,69.805,0
042913,180153,-11.43,69.805,0
042913,180154,-17.45,69.805,0
042913,180155,-12.5,69.805,0
042913,180156,-13.14,69.805,0
042913,180157,-12.52,69.805,0
042913,180158,-15.56,69.805,0
042913,180159,-14.04,69.805,0
042913,180200,-10.17,69.805,0
042913,180201,-11.49,69.805,0
042913,180202,-17.67,69.805,0
042913,180203,-17.42,69.805,0
042913,180204,-13.66,69.805,0
042913,180205,-11.44,69.805,0
042913,180206,-11.96,69.805,0
042913,180207,-19.22,69.805,0
042913,180208,-17.12,69.805,0
042913,180209,-17.33,69.815,0
042913,180210,-21.66,69.815,0
042913,180211,-19.51,69.815,0
042913,180212,-12.08,69.815,0
042913,180213,-10.79,69.825,0
042913,180214,-11.54,69.84,0
042913,180215,-9.07,69.84,0
042913,191608,-11.13,69.59,0
042913,191609,-9.85,69.59,0
042913,191610,-13.27,69.59,0
042913,191611,-9.95,69.59,0
042913,191612,-2.07,69.59,0
042913,191613,-14.33,69.59,0
042913,191614,-16.57,69.59,0
042913,191615,-18.63,69.59,0
042913,191616,-12.5,69.59,0
042913,191617,-11.2,69.59,0
042913,191618,-12.62,69.59,0
042913,191619,-13.52,69.59,0
042913,191620,-16.21,69.59,0
042913,191621,-21.17,69.59,0
042913,191622,-15.29,69.59,0
042913,191623,-11.07,69.59,0
042913,191624,-4.13,69.59,0
042913,191625,-9.33,69.59,0
042913,191626,-16.73,69.59,0
042913,191627,-6.09,69.59,0
042913,191628,-15.96,69.59,0
042913,191629,-15.73,69.59,0
042913,191630,-13.39,69.59,0
042913,191631,-12.81,69.575,0
042913,191632,-10.58,69.575,0
042913,191633,-7.83,69.575,0
042913,191634,-3.84,69.575,0
042913,191635,-9.32,69.575,0
042913,191636,-16.54,69.575,0
042913,191637,-20.46,69.575,0
042913,191638,-17.58,69.575,0
042913,191639,-10.69,69.575,0
042913,191640,-11.52,69.575,0
042913,191641,-5.72,69.575,0
042913,191642,-15.53,69.575,0
042913,191643,-6.4,69.575,0
042913,191644,-18.4,69.575,0
042913,191645,-16.51,69.575,0
042913,191646,-17.92,69.575,0
042913,191647,-19.56,69.575,0
042913,191648,-14.09,69.575,0
042913,191649,-15.63,69.575,0
042913,191650,-14.88,69.575,0
042913,191651,-15.26,69.575,0
042913,191652,-8.91,69.575,0
042913,191653,-16.22,69.575,0
042913,191654,-8.87,69.575,0
042913,191655,-13.72,69.575,0
042913,191656,-15.86,69.575,0
042913,191657,-5.88,69.575,0
042913,191658,-10.23,69.565,0
042913,191659,-4.55,69.575,0
042913,191700,-12.78,69.59,0
042913,191701,-25.03,69.595,0
042913,191702,-11.2,69.595,0
042913,191703,-16.99,69.595,0
042913,191704,-18.46,69.595,0
042913,191705,-11.24,69.59,0
042913,191706,-13.65,69.59,0
042913,191707,-9.43,69.59,0
042913,191708,-16.74,69.59,0
042913,191709,-20.72,69.59,0
042913,191710,-13.7,69.59,0
042913,191711,-13.95,69.59,0
042913,191712,-17.09,69.59,0
042913,191713,-13.33,69.59,0
042913,191714,-17.47,69.59,0
042913,191715,-16.07,69.59,0
042913,191716,-13.29,69.59,0
042913,191717,-8.33,69.59,0
042913,191718,-22.52,69.59,0
042913,191719,-23.61,69.59,0
042913,191720,-19.42,69.59,0
042913,191721,-10.35,69.59,0
042913,191722,-0.54,69.575,0
042913,191723,-5.38,69.575,0
042913,191724,-15.27,69.575,0
042913,191725,-16.43,69.575,0
042913,191726,-12.38,69.575,0
042913,191727,-13.79,69.575,0
042913,191728,-9.05,69.575,0
042913,191729,-10.78,69.575,0
042913,191730,-16.51,69.575,0
042913,191731,-19.33,69.575,0
042913,191732,-15.4,69.575,0
042913,191733,-10.98,69.575,0
042913,191734,-18.64,69.575,0
042913,191735,-7.26,69.575,0
042913,191736,-7.05,69.575,0
042913,191737,-10.48,69.575,0
042913,191738,-17.52,69.575,0
042913,191739,-18.6,69.575,0
042913,191740,-17.51,69.575,0
042913,191741,-15.73,69.575,0
042913,191742,-26.33,69.575,0
042913,191743,-23.21,69.575,0
042913,191744,-11.04,69.575,0
042913,191745,-11.54,69.575,0
042913,191746,-7.3,69.575,0
042913,191747,-20.71,69.575,0
042913,191748,-17.48,69.575,0
042913,191749,-19.53,69.575,0
042913,191750,-7.13,69.575,0
042913,191751,-12.78,69.565,0
042913,191752,-16.84,69.565,0
042913,191753,-15.28,69.59,0
042913,191754,-16.06,69.59,0
042913,191755,-14.05,69.59,0
042913,191756,-13.08,69.59,0
042913,191757,-6.96,69.59,0
042913,191758,-6.84,69.59,0
042913,191759,-8.58,69.59,0
042913,191800,-16.36,69.59,0
042913,191801,-16.49,69.59,0
042913,191802,-15.52,69.59,0
042913,191803,-12.17,69.59,0
042913,191804,-6.24,69.59,0
042913,191805,-12.45,69.59,0
042913,191806,-5.74,69.59,0
042913,191807,-9.12,69.59,0
042913,191808,-11.57,69.59,0
042913,191809,-9.13,69.59,0
042913,191810,-2.57,69.59,0
042913,191811,-5.77,69.59,0
042913,191812,-4.82,69.59,0
042913,191813,-5.41,69.59,0
042913,191814,-13.41,69.59,0
042913,191815,-8.14,69.59,0
042913,191816,-7.98,69.59,0
042913,191817,-14.02,69.59,0
042913,191818,-11.97,69.59,0
042913,191819,-3.7,69.59,0
042913,191820,-4.97,69.59,0
042913,191821,-6.58,69.59,0
042913,191822,-8.34,69.59,0
042913,191823,-15.7,69.59,0
042913,191824,-17.47,69.59,0
042913,191825,-18.63,69.59,0
042913,191826,-14.97,69.59,0
042913,191827,-16.09,69.59,0
042913,191828,-11.47,69.59,0
042913,191829,-12.57,69.59,0
042913,191830,-9.65,69.59,0
042913,191831,-11.66,69.59,0
042913,191832,-25.57,69.59,0
042913,191833,-12.18,69.595,0
042913,191834,-10.29,69.595,0
042913,191835,-18.66,69.59,0
042913,191836,-16.55,69.595,0
042913,191837,-14.66,69.595,0
042913,191838,1.07,69.595,0
042913,191839,-6.07,69.595,0
042913,191840,-10.09,69.595,0
042913,191841,-11.9,69.595,0
042913,191842,-7.7,69.595,0
042913,191843,-15.37,69.595,0
042913,191844,-18.9,69.595,0
042913,191845,-16.47,69.595,0
042913,191846,-12.2,69.595,0
042913,191847,-21.34,69.595,0
042913,191848,-14.46,69.595,0
042913,191849,-7.36,69.595,0
042913,191850,-10.93,69.595,0
042913,191851,-16.41,69.595,0
042913,191852,-15.78,69.595,0
042913,191853,-14.45,69.595,0
042913,191854,-16.42,69.595,0
042913,191855,-3.9,69.59,0
042913,191856,-0.91,69.59,0
042913,191857,-14.79,69.59,0
042913,191858,-17.35,69.59,0
042913,191859,-10.65,69.59,0
042913,191900,-4.34,69.59,0
042913,191901,-0.68,69.59,0
042913,191902,-8.79,69.59,0
042913,191903,-12.58,69.59,0
042913,191904,-3.06,69.59,0
042913,191905,-11.64,69.59,0
042913,191906,-12.73,69.59,0
042913,191907,-14.64,69.59,0
042913,191908,-15.59,69.59,0
042913,191909,-13.59,69.59,0
042913,191910,-9.99,69.59,0
042913,191911,-11.35,69.59,0
042913,191912,-12.6,69.59,0
042913,191913,-15.44,69.59,0
042913,191914,-15.01,69.59,0
042913,191915,-17.09,69.59,0
042913,191916,-19.02,69.59,0
042913,191917,-15.55,69.59,0
042913,191918,-9.42,69.59,0
042913,191919,-3.71,69.59,0
042913,191920,-12.51,69.59,0
042913,191921,-11.4,69.595,0
042913,191922,-7.15,69.595,0
042913,191923,-14.58,69.595,0
042913,191924,-15.8,69.595,0
042913,191925,-6.52,69.595,0
042913,191926,-13.45,69.595,0
042913,191927,-13.91,69.595,0
042913,191928,-14.79,69.595,0
042913,191929,-18.01,69.595,0
042913,191930,-6.02,69.595,0
042913,191931,-9.32,69.595,0
042913,191932,-18.33,69.595,0
042913,191933,-20.68,69.595,0
042913,191934,-9.85,69.595,0
042913,191935,-16.13,69.595,0
042913,191936,-14.36,69.595,0
042913,191937,-12.52,69.595,0
042913,191938,-14.16,69.595,0
042913,191939,-8.9,69.595,0
042913,191940,-11.11,69.595,0
042913,191941,-9.06,69.595,0
042913,191942,-11.76,69.595,0
042913,191943,-11.69,69.595,0
042913,191944,-9.5,69.595,0
042913,191945,-10.83,69.595,0
042913,191946,-15.14,69.595,0
042913,191947,-12.15,69.595,0
042913,191948,-9.67,69.595,0
042913,191949,-19.94,69.605,0
042913,191950,-13.6,69.62,0
042913,191951,-16.92,69.605,0
042913,191952,-18.54,69.605,0
042913,191953,-16.44,69.605,0
042913,191954,-9.01,69.605,0
042913,191955,-10.86,69.605,0
042913,191956,-10.31,69.605,0
042913,191957,-11.94,69.605,0
042913,191958,-12.74,69.605,0
042913,191959,-17.21,69.605,0
042913,192000,-7.28,69.605,0
042913,192001,-10.63,69.605,0
042913,192002,-17.97,69.605,0
042913,192003,-3.93,69.605,0
042913,192004,-10.58,69.605,0
042913,192005,-10.99,69.605,0
042913,192006,-15.03,69.605,0
042913,192007,-15.9,69.605,0
042913,192008,-8.48,69.605,0
042913,192009,-8.85,69.605,0
042913,192010,-11.06,69.605,0
042913,192011,-10.73,69.605,0
042913,192012,-19.06,69.605,0
042913,192013,-22.01,69.605,0
042913,192014,-16.29,69.605,0
042913,192015,-11.04,69.605,0
042913,192016,-9.36,69.605,0
042913,192017,-18.09,69.605,0
042913,192018,-15.18,69.605,0
042913,192019,-11.02,69.605,0
042913,192020,-12.1,69.605,0
042913,192021,-11.1,69.605,0
042913,192022,-9.11,69.605,0
042913,192023,-12.78,69.605,0
042913,192024,-20.82,69.605,0
042913,192025,-9.32,69.62,0
042913,192026,-3.53,69.62,0
042913,192027,-12.32,69.605,0
042913,192028,-21.72,69.62,0
042913,192029,-20.8,69.62,0
042913,192030,5.11,69.62,0
042913,192031,-6.55,69.62,0
042913,192032,-17.5,69.62,0
042913,192033,-9.31,69.62,0
042913,192034,-12.99,69.62,0
042913,192035,-9.37,69.62,0
042913,192036,-15.69,69.62,0
042913,192037,-12.41,69.62,0
042913,192038,-6.63,69.62,0
042913,192039,-14.33,69.62,0
042913,192040,-14.06,69.62,0
042913,192041,-15.81,69.62,0
042913,192042,-7.64,69.62,0
042913,192043,-16.22,69.62,0
042913,192044,-15.93,69.62,0
042913,192046,-9.92,69.605,0
042913,192047,-15.03,69.595,0
042913,192048,-6.24,69.595,0
042913,192049,-7.63,69.605,0
042913,192050,-9.13,69.595,0
042913,192051,-18.5,69.59,0
042913,192052,-9.55,69.59,0
042913,192053,-7.84,69.59,0
042913,192054,-10.88,69.59,0
042913,192055,-22.57,69.59,0
042913,192056,-11.91,69.59,0
042913,192057,-8.94,69.59,0
042913,192058,-13.29,69.59,0
042913,192059,-18.3,69.59,0
042913,192100,-22.63,69.59,0
042913,192101,-17.52,69.59,0
042913,192102,-22.87,69.59,0
042913,192103,-9.27,69.59,0
042913,192104,-11.29,69.59,0
042913,192105,-11.71,69.59,0
042913,192106,-9.42,69.59,0
042913,192107,-8.84,69.59,0
042913,192108,-6.72,69.59,0
042913,192109,-4.68,69.59,0
042913,192110,-10.01,69.59,0
042913,192111,-10.86,69.59,0
042913,192112,-11.13,69.59,0
042913,192113,-18.68,69.59,0
042913,192114,-19.09,69.59,0
042913,192115,-16.58,69.59,0
042913,192116,-9.25,69.59,0
042913,192117,-13.98,69.59,0
042913,192118,-11.15,69.59,0
042913,192119,-8.56,69.59,0
042913,192120,-11.43,69.59,0
042913,192121,-11.72,69.59,0
042913,192122,-9.21,69.59,0
042913,192123,-14.67,69.59,0
042913,192124,-11.58,69.59,0
042913,192125,-17.87,69.59,0
042913,192126,-20.42,69.59,0
042913,192127,-17.23,69.59,0
042913,192128,-15.2,69.59,0
042913,192129,-14.93,69.59,0
042913,192130,-10.48,69.59,0
042913,192131,-13.52,69.59,0
042913,192132,-13.98,69.59,0
042913,192133,-17.27,69.59,0
042913,192134,-15.0,69.59,0
042913,192135,-14.8,69.59,0
042913,192136,-17.53,69.595,0
042913,192137,-17.1,69.595,0
042913,192138,-24.42,69.595,0
042913,192139,-19.53,69.595,0
042913,192140,-15.93,69.59,0
042913,192141,-21.58,69.59,0
042913,192142,-16.14,69.59,0
042913,192143,-17.33,69.59,0
042913,192144,-14.65,69.59,0
042913,192145,-16.96,69.59,0
042913,192146,-16.12,69.59,0
042913,192147,-18.51,69.59,0
042913,192148,-14.66,69.59,0
042913,192149,-13.61,69.59,0
042913,192150,-13.37,69.59,0
042913,192151,-7.9,69.59,0
042913,192152,-12.19,69.59,0
042913,192153,-16.47,69.59,0
042913,192154,-18.37,69.59,0
042913,192155,-11.8,69.59,0
042913,192156,-10.41,69.59,0
042913,192157,-8.15,69.59,0
042913,192158,-10.86,69.59,0
042913,192159,-6.58,69.59,0
042913,192200,-8.55,69.595,0
042913,192201,-11.02,69.605,0
042913,192202,-14.8,69.605,0
042913,192203,-13.6,69.605,0
042913,192204,-14.17,69.605,0
042913,192205,-11.33,69.605,0
042913,192206,-12.1,69.605,0
042913,192207,-15.66,69.605,0
042913,192208,-16.01,69.605,0
042913,192218,-9.31,69.605,0
042913,192219,-7.82,69.605,0
042913,192220,-3.07,69.605,0
043013,013617,-8.05,69.815,0
043013,013618,-13.22,69.815,0
043013,013619,-8.61,69.815,0
043013,013620,-15.69,69.815,0
043013,013621,-14.86,69.815,0
043013,013622,-14.59,69.815,0
043013,013623,-13.93,69.815,0
043013,013624,-15.18,69.815,0
043013,013625,-17.22,69.815,0
043013,013626,-12.94,69.815,0
043013,013627,-12.47,69.815,0
043013,013628,-11.52,69.815,0
043013,013629,-13.43,69.815,0
043013,013630,-11.74,69.815,0
043013,013631,-14.06,69.815,0
043013,013632,-11.91,69.815,0
043013,013633,-8.79,69.815,0
043013,013634,-1.62,69.815,0
043013,013635,-9.42,69.815,0
043013,013636,-20.32,69.815,0
043013,013637,-8.93,69.825,0
043013,013638,-15.9,69.825,0
043013,013639,-8.9,69.825,0
043013,013640,-12.2,69.825,0
043013,013641,-12.22,69.825,0
043013,013642,-16.85,69.825,0
043013,013643,-14.72,69.825,0
043013,013644,-13.29,69.825,0
043013,013645,-18.12,69.825,0
043013,013646,-13.0,69.825,0
043013,013647,-13.49,69.825,0
043013,013648,-9.4,69.825,0
043013,013649,-13.45,69.825,0
043013,013650,-13.82,69.825,0
043013,013651,-11.31,69.825,0
043013,013652,-13.01,69.825,0
043013,013653,-11.09,69.825,0
043013,013654,-6.61,69.825,0
043013,013655,-9.44,69.825,0
043013,013656,-12.04,69.825,0
043013,013657,-11.16,69.825,0
043013,013658,-14.74,69.825,0
043013,013659,-10.77,69.825,0
043013,013700,-17.65,69.825,0
043013,013701,-20.93,69.825,0
043013,013702,-23.77,69.825,0
043013,013703,-21.57,69.825,0
043013,013704,-15.11,69.825,0
043013,013705,-19.43,69.825,0
043013,013706,-17.43,69.825,0
043013,013707,-8.12,69.825,0
043013,013708,-14.22,69.825,0
043013,013709,-24.17,69.825,0
043013,013710,-15.54,69.825,0
043013,013711,-15.37,69.825,0
043013,013712,-17.17,69.825,0
043013,013713,-16.48,69.825,0
043013,013714,-12.29,69.825,0
043013,013715,-11.71,69.825,0
043013,013716,-8.42,69.825,0
043013,013717,-13.66,69.825,0
043013,013718,-12.44,69.825,0
043013,013719,-16.3,69.825,0
043013,013720,-16.99,69.825,0
043013,013721,-17.08,69.825,0
043013,013722,-16.84,69.825,0
043013,013723,-20.26,69.825,0
043013,013724,-10.16,69.815,0
043013,013725,-9.83,69.815,0
043013,013726,-8.77,69.815,0
043013,013727,-7.14,69.815,0
043013,013728,-13.3,69.815,0
043013,013729,-7.83,69.815,0
043013,013730,-17.47,69.815,0
043013,013731,-11.98,69.815,0
043013,013732,-20.5,69.815,0
043013,013733,-16.53,69.815,0
043013,013734,-13.23,69.815,0
043013,013735,-7.56,69.815,0
043013,013736,-10.56,69.815,0
043013,013737,-14.06,69.815,0
043013,013738,-16.76,69.815,0
043013,013739,-15.03,69.815,0
043013,013740,-9.1,69.815,0
043013,013741,-19.95,69.815,0
043013,013742,-12.61,69.815,0
043013,013743,-16.07,69.815,0
043013,013744,-20.35,69.815,0
043013,013745,-26.46,69.815,0
043013,013746,-18.14,69.815,0
043013,013747,-11.7,69.815,0
043013,013748,-19.67,69.815,0
043013,013749,-16.43,69.815,0
043013,013750,-9.46,69.815,0
043013,013751,-10.56,69.815,0
043013,013752,-1.44,69.815,0
043013,013753,-3.83,69.815,0
043013,013754,-13.37,69.815,0
043013,013755,-10.94,69.815,0
043013,013756,-12.4,69.805,0
043013,013757,-20.56,69.805,0
043013,013758,-22.0,69.805,0
043013,013759,-12.64,69.805,0
043013,013800,-9.05,69.805,0
043013,013801,-12.41,69.805,0
043013,013802,-9.42,69.805,0
043013,013803,-10.44,69.805,0
043013,013804,-14.15,69.805,0
043013,013805,-10.82,69.805,0
043013,013806,-9.05,69.805,0
043013,013807,-8.83,69.805,0
043013,013808,-9.36,69.805,0
043013,013809,-14.51,69.805,0
043013,013810,-8.93,69.805,0
043013,013811,-18.21,69.805,0
043013,013812,-17.17,69.805,0
043013,013813,-12.9,69.805,0
043013,013814,-10.92,69.805,0
043013,013815,-8.84,69.805,0
043013,013816,-13.34,69.805,0
043013,013817,-21.94,69.805,0
043013,013818,-16.53,69.805,0
043013,013819,-18.57,69.805,0
043013,013820,-11.47,69.805,0
043013,013821,-4.18,69.805,0
043013,013822,-8.26,69.805,0
043013,013823,-10.81,69.815,0
043013,013824,-12.79,69.815,0
043013,013825,-10.36,69.815,0
043013,013826,-6.36,69.815,0
043013,013827,-13.26,69.815,0
043013,013828,-14.14,69.815,0
043013,013829,-11.74,69.815,0
043013,013830,-6.14,69.815,0
043013,013831,-0.72,69.815,0
043013,013832,-5.19,69.815,0
043013,013833,-12.22,69.815,0
043013,013834,-14.39,69.825,0
043013,013835,-16.26,69.825,0
043013,013836,-4.67,69.825,0
043013,013837,-4.05,69.825,0
043013,013838,-8.04,69.825,0
043013,013839,-8.14,69.825,0
043013,013840,-7.21,69.825,0
043013,013841,-13.61,69.825,0
043013,013842,-15.82,69.825,0
043013,013843,-19.63,69.825,0
043013,013844,-12.83,69.825,0
043013,013845,-15.35,69.825,0
043013,013846,-20.05,69.825,0
043013,013847,-21.79,69.825,0
043013,013848,-22.05,69.825,0
043013,013849,-17.17,69.825,0
043013,013850,-12.04,69.825,0
043013,013851,-17.62,69.825,0
043013,013852,-13.62,69.825,0
043013,013853,-12.79,69.84,0
043013,013854,-0.99,69.84,0
043013,013855,-14.05,69.84,0
043013,013856,-10.06,69.84,0
043013,013857,-15.47,69.84,0
043013,013858,-11.77,69.84,0
043013,013859,-17.04,69.84,0
043013,013900,-14.15,69.84,0
043013,013901,-13.96,69.84,0
043013,013902,-22.69,69.84,0
043013,013903,-15.69,69.84,0
043013,013904,-13.78,69.84,0
043013,013905,-8.39,69.84,0
043013,013906,-13.91,69.84,0
043013,013907,-16.11,69.84,0
043013,013908,-16.87,69.84,0
043013,013909,-12.07,69.84,0
043013,013910,-14.75,69.84,0
043013,013911,-11.44,69.84,0
043013,013912,-9.13,69.84,0
043013,013913,-9.92,69.84,0
043013,013914,-7.84,69.84,0
043013,013915,-7.44,69.84,0
043013,013916,-10.53,69.84,0
043013,013917,-13.6,69.84,0
043013,013918,-19.42,69.84,0
043013,013919,-14.48,69.84,0
043013,013920,-17.13,69.84,0
043013,013921,-7.09,69.84,0
043013,013922,-11.19,69.84,0
043013,013923,-17.48,69.84,0
043013,013924,-19.93,69.84,0
043013,013925,-13.04,69.84,0
043013,013926,-11.29,69.84,0
043013,013927,-18.36,69.84,0
043013,013928,-12.77,69.84,0
043013,013929,-8.0,69.84,0
043013,013930,-12.2,69.84,0
043013,013931,-7.82,69.84,0
043013,013932,-11.44,69.84,0
043013,013933,-12.2,69.84,0
043013,013934,-13.07,69.84,0
043013,013935,-19.1,69.84,0
043013,013936,-19.34,69.84,0
043013,013937,-13.24,69.825,0
043013,013938,-16.06,69.84,0
043013,013939,-10.74,69.84,0
043013,013940,-5.93,69.84,0
043013,013941,-14.92,69.84,0
043013,013942,-15.59,69.84,0
043013,013943,-14.02,69.84,0
043013,013944,-9.27,69.84,0
043013,013945,-14.66,69.84,0
043013,013946,-10.33,69.84,0
043013,013947,-12.68,69.84,0
043013,013948,-17.26,69.84,0
043013,013949,-12.66,69.84,0
043013,013950,-14.95,69.84,0
043013,013951,-19.4,69.84,0
043013,013952,-21.6,69.84,0
043013,013953,-14.93,69.84,0
043013,013954,-9.92,69.84,0
043013,013955,-6.21,69.84,0
043013,013956,-0.61,69.84,0
043013,013957,-15.02,69.84,0
043013,013958,-16.34,69.84,0
043013,013959,-14.15,69.84,0
043013,014000,-10.54,69.84,0
043013,014001,-10.66,69.84,0
043013,014002,-13.84,69.84,0
043013,014003,-2.11,69.84,0
043013,014004,0.17,69.845,0
043013,014005,-8.62,69.845,0
043013,014006,-3.8,69.845,0
043013,014007,-9.18,69.845,0
043013,014008,-12.73,69.845,0
043013,014009,-13.7,69.855,0
043013,014010,-11.12,69.855,0
043013,014011,-18.31,69.855,0
043013,014012,-16.15,69.855,0
043013,014013,-15.55,69.845,0
043013,014014,-14.12,69.845,0
043013,014015,-9.38,69.845,0
043013,014016,-8.46,69.845,0
043013,014017,-12.41,69.845,0
043013,014018,-5.54,69.845,0
043013,014019,-8.96,69.845,0
043013,014020,-15.56,69.845,0
043013,014021,-14.83,69.845,0
043013,014022,-17.57,69.845,0
043013,014023,-20.04,69.845,0
043013,014024,-11.37,69.845,0
043013,014025,-8.76,69.845,0
043013,014026,-4.72,69.845,0
043013,014027,-14.84,69.845,0
043013,014028,-20.03,69.845,0
043013,014029,-15.22,69.845,0
043013,014030,-15.1,69.845,0
043013,014031,-15.87,69.845,0
043013,014032,-1.6,69.845,0
043013,014033,-9.54,69.845,0
043013,014034,-5.27,69.845,0
043013,014035,-6.61,69.845,0
043013,014036,-8.83,69.845,0
043013,014037,-5.19,69.845,0
043013,014038,-17.3,69.845,0
043013,014039,-13.85,69.845,0
043013,014040,-9.69,69.845,0
043013,014041,-13.98,69.845,0
043013,014042,-11.67,69.845,0
043013,014043,-8.35,69.845,0
043013,014044,-5.17,69.845,0
043013,014045,-7.59,69.845,0
043013,014046,-17.84,69.845,0
043013,014047,-17.69,69.845,0
043013,014048,-18.44,69.845,0
043013,014049,-11.71,69.84,0
043013,014050,-12.58,69.84,0
043013,014051,-12.36,69.84,0
043013,014052,-11.26,69.84,0
043013,014053,-17.56,69.84,0
043013,014054,-19.17,69.84,0
043013,014055,-23.18,69.84,0
043013,014056,-25.47,69.84,0
043013,014057,-21.71,69.84,0
043013,014058,-18.98,69.84,0
043013,014059,-19.0,69.84,0
043013,014100,-16.48,69.84,0
043013,014101,-11.1,69.84,0
043013,014102,-7.41,69.84,0
043013,014103,-14.39,69.84,0
043013,014104,-16.87,69.84,0
043013,014105,-17.71,69.84,0
043013,014106,-12.24,69.84,0
043013,014107,-12.87,69.84,0
043013,014108,-16.12,69.84,0
043013,014109,-14.92,69.84,0
043013,014110,-6.43,69.84,0
043013,014111,-19.98,69.84,0
043013,014112,-12.09,69.84,0
043013,014113,-5.55,69.84,0
043013,014114,-2.33,69.84,0
043013,014115,-9.37,69.845,0
043013,014116,-13.68,69.845,0
043013,014117,-19.33,69.845,0
043013,014118,-18.07,69.84,0
043013,014119,-11.76,69.84,0
043013,014120,-11.94,69.84,0
043013,014121,-10.54,69.84,0
043013,014122,-6.72,69.84,0
043013,014123,-9.4,69.84,0
043013,014124,-5.78,69.84,0
043013,014125,-15.01,69.84,0
043013,014126,-13.67,69.84,0
043013,014127,-9.33,69.84,0
043013,014128,-13.25,69.84,0
043013,014129,-8.77,69.84,0
043013,014130,-12.14,69.84,0
043013,014131,-17.13,69.84,0
043013,014132,-17.7,69.84,0
043013,014133,-15.11,69.84,0
043013,014134,-10.73,69.84,0
043013,014135,-11.19,69.84,0
043013,014136,-16.81,69.84,0
043013,014137,-18.25,69.84,0
043013,014138,-14.27,69.845,0
043013,014139,-11.22,69.845,0
043013,014140,-17.63,69.845,0
043013,014141,-13.85,69.845,0
043013,014142,-16.66,69.84,0
043013,014143,-12.32,69.84,0
043013,014144,-7.46,69.84,0
043013,014145,-15.49,69.84,0
043013,014146,-8.54,69.84,0
043013,014147,-9.92,69.84,0
043013,014148,-18.93,69.84,0
043013,014149,-6.6,69.84,0
043013,014150,-24.95,69.84,0
043013,014151,-17.4,69.84,0
043013,014152,-21.24,69.84,0
043013,014153,-9.87,69.84,0
043013,014154,-17.84,69.825,0
043013,014155,-17.37,69.825,0
043013,014156,-16.59,69.815,0
043013,014157,-17.83,69.815,0
043013,014158,-11.87,69.815,0
043013,014159,-9.37,69.815,0
043013,014200,-8.61,69.815,0
043013,014201,-17.99,69.815,0
043013,014202,-10.2,69.815,0
043013,014203,-17.37,69.815,0
043013,014204,-16.6,69.815,0
043013,014205,-8.5,69.815,0
043013,014206,-13.65,69.815,0
043013,014207,-15.53,69.815,0
043013,014208,-12.83,69.815,0
043013,014209,-10.34,69.815,0
043013,014210,-13.08,69.815,0
043013,014211,-9.57,69.815,0
043013,014212,-20.95,69.815,0
043013,014213,-17.34,69.815,0
043013,014214,-14.4,69.825,0
043013,014215,-10.78,69.825,0
043013,014216,-20.0,69.825,0
043013,014217,-19.23,69.825,0
043013,014218,-17.99,69.84,0
043013,014219,-16.19,69.84,0
043013,014220,-13.0,69.84,0
043013,014221,-10.96,69.84,0
043013,014222,-8.52,69.84,0
043013,014223,-7.57,69.84,0
043013,014224,-6.84,69.84,0
043013,014225,-9.2,69.84,0
043013,014226,-16.02,69.84,0
043013,014227,-14.17,69.84,0
043013,014228,-11.26,69.84,0
043013,014229,-13.74,69.84,0
043013,014230,-15.29,69.84,0
043013,014231,-14.8,69.84,0
043013,014232,-16.91,69.84,0
043013,014233,-16.55,69.84,0
043013,014234,-10.8,69.84,0
043013,014235,-14.45,69.84,0
043013,014236,-11.04,69.84,0
043013,014237,-10.83,69.84,0
043013,014238,-11.79,69.84,0
043013,014239,-13.5,69.84,0
043013,014240,-8.92,69.84,0
043013,014241,-7.45,69.84,0
043013,014242,-8.71,69.84,0
043013,014243,-5.79,69.84,0
043013,014244,-10.85,69.84,0
043013,014245,-16.71,69.84,0
043013,014246,-16.79,69.84,0
043013,014247,-12.64,69.84,0
043013,014248,-13.43,69.84,0
043013,014249,-11.7,69.84,0
043013,014250,-16.86,69.84,0
043013,014251,-17.24,69.84,0
043013,014252,-10.32,69.84,0
043013,014253,-12.56,69.84,0
043013,014254,-11.16,69.84,0
043013,014255,-11.3,69.84,0
043013,014256,-6.25,69.84,0
043013,014257,-20.72,69.84,0
043013,014258,-12.84,69.84,0
043013,014259,-12.37,69.84,0
043013,014300,-10.15,69.84,0
043013,014301,-8.27,69.84,0
043013,014302,-1.73,69.84,0
043013,014303,-9.43,69.84,0
043013,014304,-1.81,69.84,0
043013,014305,-11.79,69.84,0
043013,014306,-12.59,69.84,0
043013,014307,-12.44,69.84,0
043013,014308,-20.24,69.84,0
043013,014309,-20.09,69.84,0
043013,014310,-7.95,69.84,0
043013,014311,-10.93,69.84,0
043013,014312,-16.17,69.84,0
043013,014313,-15.79,69.84,0
043013,014314,-10.01,69.84,0
043013,014315,-9.65,69.84,0
043013,014316,-11.35,69.84,0
043013,014317,-11.8,69.84,0
043013,014318,-13.48,69.84,0
043013,014319,-15.29,69.84,0
043013,014320,-16.99,69.84,0
043013,014321,-15.3,69.84,0
043013,014322,-11.4,69.84,0
043013,014323,-8.17,69.84,0
043013,014324,-14.02,69.84,0
043013,014325,-6.41,69.84,0
043013,014326,5.67,69.84,0
043013,014327,-1.13,69.84,0
043013,014328,-17.18,69.84,0
043013,014329,-4.68,69.84,0
043013,014330,4.42,69.84,0
043013,014331,-6.65,69.84,0
043013,014332,-5.07,69.84,0
043013,014333,-8.82,69.84,0
043013,014334,-12.18,69.84,0
043013,014335,-14.73,69.84,0
043013,014336,-11.76,69.84,0
043013,014337,-13.88,69.84,0
043013,014338,-14.42,69.84,0
043013,014339,-16.09,69.84,0
043013,014340,-15.15,69.84,0
043013,014341,-12.56,69.84,0
043013,014342,-13.21,69.84,0
043013,014343,-12.23,69.84,0
043013,014344,-12.94,69.84,0
043013,014345,-13.7,69.84,0
043013,014346,-9.97,69.84,0
043013,014347,-16.6,69.84,0
043013,014348,-19.32,69.84,0
043013,014349,-11.56,69.84,0
043013,014350,-6.95,69.825,0
043013,014351,-13.63,69.825,0
043013,014352,-18.76,69.825,0
043013,014353,-16.21,69.825,0
043013,014354,-14.34,69.825,0
043013,014355,-20.31,69.825,0
043013,014356,-24.16,69.825,0
043013,014357,-24.1,69.825,0
043013,014358,-20.25,69.825,0
043013,014359,-11.11,69.825,0
043013,014400,-11.23,69.825,0
043013,014401,-8.86,69.825,0
043013,014402,-15.65,69.84,0
043013,014403,-11.1,69.84,0
043013,014404,-9.67,69.84,0
043013,014405,-8.42,69.84,0
043013,014406,-3.49,69.84,0
043013,014407,-5.48,69.84,0
043013,014408,-11.73,69.84,0
043013,014409,-16.48,69.84,0
043013,014410,-5.21,69.84,0
043013,014411,-13.49,69.84,0
043013,014412,-9.57,69.84,0
043013,014413,-13.58,69.84,0
043013,014414,-18.98,69.84,0
043013,014415,-11.83,69.84,0
043013,014416,-16.27,69.84,0
043013,014417,-17.22,69.84,0
043013,014418,-20.63,69.84,0
043013,014419,-16.45,69.84,0
043013,014420,-12.4,69.84,0
043013,014421,-12.33,69.84,0
043013,014422,-14.12,69.84,0
043013,014423,-6.24,69.84,0
043013,014424,-3.73,69.84,0
043013,014425,-5.93,69.84,0
043013,014426,-6.39,69.84,0
043013,014427,-10.03,69.84,0
043013,014428,-9.37,69.84,0
043013,014429,-11.18,69.84,0
043013,014430,-6.58,69.825,0
043013,014431,-13.18,69.825,0
043013,014432,-1.45,69.84,0
043013,014433,-12.84,69.84,0
043013,014434,-7.65,69.84,0
043013,014435,-11.12,69.84,0
043013,014436,-12.81,69.84,0
043013,014437,-20.29,69.84,0
043013,014438,-16.07,69.84,0
043013,014439,-11.68,69.84,0
043013,014440,-18.34,69.84,0
043013,014441,-14.57,69.84,0
043013,014442,-9.02,69.84,0
043013,015121,-9.82,69.84,0
043013,015122,-10.62,69.84,0
043013,015123,-13.79,69.84,0
043013,015124,-19.94,69.84,0
043013,015125,-10.72,69.84,0
043013,015126,1.47,69.84,0
043013,015127,-1.82,69.84,0
043013,015128,-9.96,69.84,0
043013,015129,-6.47,69.84,0
043013,015130,-19.65,69.84,0
043013,015131,-23.64,69.84,0
043013,015132,-17.84,69.84,0
043013,015133,-16.55,69.84,0
043013,015134,-9.94,69.84,0
043013,015135,-8.77,69.84,0
043013,015136,-16.56,69.845,0
043013,015137,-21.78,69.845,0
043013,015138,-11.21,69.845,0
043013,015139,-14.47,69.845,0
043013,015140,-4.86,69.845,0
043013,015141,-14.84,69.845,0
043013,015142,-14.88,69.845,0
043013,015143,-18.98,69.845,0
043013,015144,-19.4,69.845,0
043013,015145,-20.89,69.845,0
043013,015146,-14.3,69.845,0
043013,015147,-16.2,69.845,0
043013,015148,-8.31,69.845,0
043013,015149,-8.22,69.845,0
043013,015150,-14.06,69.845,0
043013,015151,-14.01,69.845,0
043013,015152,-15.26,69.845,0
043013,015153,-20.28,69.845,0
043013,015154,-20.53,69.845,0
043013,015155,-25.16,69.845,0
043013,015156,-14.28,69.845,0
043013,015157,-13.53,69.845,0
043013,015158,-7.07,69.845,0
043013,015221,-16.55,69.845,0
043013,015222,-17.17,69.84,0
043013,015223,-19.58,69.84,0
043013,015224,-12.47,69.84,0
043013,015225,-14.04,69.84,0
043013,015226,-9.57,69.84,0
043013,015227,-9.97,69.845,0
043013,015228,-9.41,69.845,0
043013,015229,-10.92,69.845,0
043013,015230,-13.57,69.845,0
043013,015231,-16.0,69.845,0
043013,015232,-16.26,69.845,0
043013,015233,-17.68,69.845,0
043013,015234,-18.4,69.855,0
043013,015235,-20.15,69.87,0
043013,015236,-22.13,69.855,0
043013,015237,-19.08,69.87,0
043013,015238,-15.84,69.87,0
043013,015347,-10.1,69.84,0
043013,015348,-10.92,69.845,0
043013,015349,-7.98,69.845,0
043013,015350,-16.35,69.845,0
043013,015351,-21.2,69.845,0
043013,015352,-16.11,69.845,0
043013,015353,-13.13,69.845,0
043013,015354,-11.45,69.845,0
043013,015355,-15.58,69.845,0
043013,015356,-12.45,69.845,0
043013,015357,-4.63,69.845,0
043013,015358,-12.29,69.845,0
043013,015359,-18.47,69.845,0
043013,015400,-21.36,69.84,0
043013,015401,-18.01,69.84,0
043013,015402,-8.25,69.84,0
043013,015403,-10.38,69.84,0
043013,015404,-18.43,69.84,0
043013,015405,-18.16,69.845,0
043013,015406,-16.8,69.845,0
043013,015407,-15.98,69.845,0
043013,015408,-13.86,69.845,0
043013,015409,-21.71,69.845,0
043013,015410,-14.92,69.845,0
043013,015641,-9.35,69.875,0
043013,015645,-15.98,69.875,0
043013,015646,-7.28,69.875,0
043013,015647,-2.95,69.875,0
043013,015648,-8.49,69.875,0
043013,015649,-7.62,69.875,0
043013,015650,-1.91,69.875,0
043013,015651,-11.73,69.875,0
043013,015652,-16.43,69.875,0
043013,015653,7.69,69.875,0
043013,015654,-3.41,69.875,0
043013,015655,-9.48,69.875,0
043013,015656,-11.83,69.875,0
043013,015657,-8.88,69.875,0
043013,015658,-21.74,69.875,0
043013,015659,-20.07,69.87,0
043013,015700,-16.08,69.87,0
043013,015701,-15.88,69.87,0
043013,015702,-12.47,69.87,0
043013,015703,-11.61,69.87,0
043013,015704,-0.87,69.87,0
043013,015705,-19.55,69.87,0
043013,015706,-15.88,69.87,0
043013,015707,-10.46,69.87,0
043013,015708,-12.1,69.87,0
043013,015709,-8.58,69.87,0
043013,015710,-5.75,69.87,0
043013,015711,-5.75,69.87,0
043013,015712,-5.75,69.87,0
043013,015713,-5.75,69.87,0
043013,020802,-10.14,69.845,0
043013,020803,-6.87,69.845,0
043013,020804,-7.62,69.845,0
043013,020805,-4.95,69.84,0
043013,020806,-12.85,69.84,0
043013,020822,-15.87,69.825,0
043013,020823,-16.75,69.825,0
043013,020824,-15.54,69.825,0
043013,020825,-2.77,69.825,0
043013,020826,-10.73,69.825,0
043013,020827,-9.84,69.825,0
043013,020828,-14.56,69.825,0
043013,020954,-9.29,69.805,0
043013,020955,-8.25,69.805,0
043013,020956,-4.9,69.805,0
043013,020957,-4.12,69.805,0
043013,020958,-7.24,69.805,0
043013,020959,-12.62,69.805,0
043013,021000,-11.32,69.8,0
043013,021322,-16.04,69.77,0
043013,021323,-16.6,69.77,0
043013,021324,-19.02,69.77,0
043013,021325,-19.66,69.77,0
043013,021326,-13.14,69.77,0
043013,021327,-9.18,69.77,0
043013,021328,-11.18,69.77,0
043013,021329,-7.76,69.77,0
043013,021330,-9.07,69.77,0
043013,021331,-12.14,69.77,0
043013,021332,-14.41,69.77,0
043013,021333,-19.92,69.77,0
043013,022900,-11.25,69.73,0
043013,022901,-11.49,69.73,0
043013,022902,-14.07,69.73,0
043013,022903,-5.66,69.73,0
043013,022914,-12.52,69.735,0
043013,022915,-18.01,69.735,0
043013,022931,-5.79,69.745,0
043013,022932,-9.34,69.745,0
043013,022933,-13.64,69.745,0
043013,022934,-13.55,69.745,0
043013,022935,-9.88,69.745,0
043013,022936,-8.17,69.735,0
043013,022937,-14.3,69.735,0
043013,022938,-15.36,69.735,0
043013,022939,-10.13,69.735,0
043013,022940,-6.29,69.745,0
043013,022941,-14.42,69.745,0
043013,022946,-13.94,69.76,0
043013,022947,-16.95,69.76,0
043013,022948,-15.28,69.76,0
043013,022949,-5.0,69.76,0
043013,022950,-6.03,69.76,0
043013,022951,-18.35,69.76,0
043013,022952,-18.52,69.76,0
043013,022953,-15.6,69.76,0
043013,022958,-2.36,69.76,0
043013,022959,-3.96,69.76,0
043013,023000,-2.6,69.76,0
043013,023001,-3.81,69.76,0
043013,023002,0.76,69.76,0
043013,023003,-5.2,69.76,0
043013,023004,-12.09,69.76,0
043013,023015,-13.38,69.745,0
043013,023016,-14.0,69.745,0
043013,023017,-3.15,69.745,0
043013,023018,-7.91,69.745,0
043013,024249,-11.09,69.845,0
043013,024250,-13.93,69.845,0
043013,024251,-11.19,69.855,0
043013,024252,-15.87,69.855,0
043013,024347,-9.42,69.875,0
043013,024348,-13.61,69.875,0
043013,024349,-15.85,69.875,0
043013,024350,-15.2,69.875,0
043013,024351,-20.18,69.87,0
043013,024356,-14.93,69.875,0
043013,024357,-19.93,69.875,0
043013,024358,-19.49,69.875,0
043013,024359,-17.72,69.875,0
043013,024400,-15.75,69.875,0
043013,024401,-9.44,69.875,0
043013,024402,-7.07,69.875,0
043013,024403,-15.27,69.875,0
043013,024404,-18.61,69.875,0
043013,024405,-14.61,69.875,0
043013,024406,-11.57,69.885,0
043013,024407,-15.53,69.885,0
043013,024408,-8.67,69.885,0
043013,024409,-13.3,69.885,0
043013,024410,-13.41,69.885,0
043013,024525,-4.18,69.875,0
043013,024526,-11.3,69.875,0
043013,024527,-5.67,69.87,0
043013,024528,-13.55,69.87,0
043013,024529,-14.45,69.87,0
043013,024530,-13.63,69.87,0
043013,024531,-13.77,69.87,0
043013,024532,-0.26,69.87,0
043013,024533,-6.79,69.87,0
043013,024534,-10.63,69.87,0
043013,024535,-15.75,69.87,0
043013,024536,-18.82,69.87,0
043013,024537,-17.62,69.87,0
043013,024538,-16.17,69.87,0
043013,024539,-22.0,69.87,0
043013,024540,-17.64,69.87,0
043013,024541,-17.4,69.87,0
043013,024542,-15.31,69.87,0
043013,024543,-2.82,69.87,0
043013,024544,-7.54,69.87,0
043013,024545,-6.33,69.87,0
043013,024546,-8.45,69.87,0
043013,024547,-11.0,69.87,0
043013,024548,-8.97,69.87,0
043013,024549,-2.01,69.87,0
043013,024550,-10.33,69.87,0
043013,024551,-16.74,69.87,0
043013,024552,-11.24,69.87,0
043013,024619,-17.06,69.875,0
043013,024620,-17.39,69.875,0
043013,024621,-13.06,69.875,0
043013,024622,-16.52,69.875,0
043013,024623,-17.2,69.875,0
043013,024624,-21.29,69.875,0
043013,024625,-21.75,69.875,0
043013,024626,-18.4,69.875,0
043013,025010,-2.0,69.925,0
043013,025011,-7.96,69.925,0
043013,025012,-13.38,69.925,0
043013,025013,-16.0,69.925,0
043013,025014,-14.76,69.925,0
043013,025015,-16.7,69.925,0
043013,025016,-18.81,69.925,0
043013,025017,-19.0,69.925,0
043013,025018,-11.03,69.925,0
043013,025019,-6.98,69.925,0
043013,025037,-7.39,69.925,0
043013,025038,-12.04,69.925,0
043013,025039,-0.9,69.925,0
043013,025040,3.64,69.925,0
043013,025041,2.18,69.925,0
043013,025042,-11.66,69.925,0
043013,025043,-14.71,69.925,0
043013,025044,-12.69,69.925,0
043013,025045,-14.93,69.925,0
043013,025046,-14.59,69.925,0
043013,025047,-15.07,69.925,0
043013,025048,-11.49,69.925,0
043013,025049,-10.01,69.925,0
043013,025050,-15.0,69.925,0
043013,025051,-6.46,69.925,0
043013,025052,-11.66,69.925,0
043013,025053,-18.65,69.925,0
043013,025054,-18.1,69.925,0
043013,025055,-13.18,69.925,0
043013,025056,-21.85,69.925,0
043013,025057,-21.54,69.925,0
043013,025058,-16.71,69.925,0
043013,025059,-12.94,69.925,0
043013,025100,-15.28,69.925,0
043013,025101,-19.67,69.925,0
043013,025102,-12.91,69.925,0
043013,025103,-15.91,69.925,0
043013,025104,-13.37,69.925,0
043013,025105,-15.26,69.925,0
043013,025106,-10.04,69.925,0
043013,025107,-6.93,69.925,0
043013,025108,-12.22,69.925,0
043013,025109,-19.91,69.925,0
043013,025110,-14.89,69.925,0
043013,025111,-19.89,69.925,0
043013,025112,-19.19,69.925,0
043013,025113,-17.17,69.925,0
043013,025114,-14.58,69.925,0
043013,025115,-16.52,69.925,0
043013,025116,-21.0,69.925,0
043013,025117,-19.07,69.925,0
043013,025118,-14.51,69.925,0
043013,025119,-18.73,69.925,0
043013,025120,-9.29,69.925,0
043013,025121,-9.91,69.925,0
043013,025122,-12.56,69.925,0
043013,025123,-13.51,69.925,0
043013,025124,-10.93,69.925,0
043013,025125,-10.58,69.925,0
043013,025126,-13.13,69.925,0
043013,025127,-16.13,69.925,0
043013,025128,-17.82,69.925,0
043013,025129,-20.1,69.925,0
043013,025130,-15.97,69.925,0
043013,025131,-14.67,69.925,0
043013,025132,-14.11,69.925,0
043013,025133,-12.07,69.925,0
043013,025134,-7.17,69.925,0
043013,025135,-10.58,69.915,0
043013,025136,-14.33,69.915,0
043013,025137,-16.41,69.915,0
043013,025138,-19.38,69.915,0
043013,025139,-18.27,69.915,0
043013,025140,-12.68,69.915,0
043013,025141,-13.75,69.915,0
043013,025142,-15.62,69.915,0
043013,025143,-12.96,69.915,0
043013,025144,-17.3,69.91,0
043013,025145,-12.08,69.91,0
043013,025146,-9.65,69.91,0
043013,025147,-9.73,69.91,0
043013,025507,-9.16,69.91,0
043013,025508,-7.95,69.915,0
043013,025509,-14.89,69.925,0
043013,032741,-12.36,69.985,0
043013,032742,-12.03,69.985,0
043013,032743,-10.57,69.985,0
043013,033016,-13.67,69.995,0
043013,033017,-9.58,69.995,0
043013,033018,-4.92,69.995,0
043013,033019,-12.8,69.995,0
043013,033020,-8.75,69.995,0
043013,033021,-10.01,69.995,0
043013,033022,-7.99,69.995,0
043013,033023,2.3,69.995,0
043013,033024,-6.35,69.985,0
043013,033025,-8.66,69.98,0
043013,033026,-17.89,69.98,0
043013,033110,-12.8,69.98,0
043013,033111,-11.13,69.98,0
043013,033112,-7.45,69.98,0
043013,033113,-15.27,69.98,0
043013,033155,-17.63,69.995,0
043013,033156,-20.51,69.98,0
043013,033157,-23.93,69.98,0
043013,033158,-12.4,69.98,0
043013,033159,-12.17,69.98,0
043013,033200,-17.65,69.98,0
043013,033201,-13.23,69.965,0
043013,033217,4.62,69.965,0
043013,033218,-3.13,69.965,0
043013,033219,-7.97,69.965,0
043013,033220,-4.64,69.965,0
043013,033221,-10.52,69.965,0
043013,033222,-15.69,69.965,0
043013,033223,-14.21,69.98,0
043013,033224,-17.39,69.98,0
043013,033225,-11.33,69.98,0
043013,033226,-15.79,69.98,0
043013,033227,-19.21,69.98,0
043013,033232,-8.13,69.98,0
043013,033233,1.21,69.98,0
043013,033234,-11.6,69.98,0
043013,033235,-17.38,69.98,0
043013,033452,-15.15,70.01,0
043013,033453,-19.46,70.01,0
043013,033454,-20.81,70.01,0
043013,033455,-19.05,70.01,0
043013,033456,-17.08,70.01,0
043013,033457,-10.82,70.01,0
043013,033458,-12.37,70.01,0
043013,033459,-12.61,70.01,0
043013,033500,-13.0,70.01,0
043013,033501,-13.37,70.01,0
043013,033506,-1.96,70.01,0
043013,033507,-5.99,70.01,0
043013,033508,-2.4,70.01,0
